>ZNF143.H11FULL
0.242	0.054	0.416	0.288
0.026	0.038	0.902	0.034
0.106	0.582	0.258	0.054
0.48	0.376	0.052	0.092
0.036	0.238	0.048	0.678
0.046	0.188	0.32	0.446
0.122	0.697	0.101	0.081
0.009	0.145	0.013	0.835
0.017	0.007	0.967	0.011
0.013	0.001	0.981	0.007
0.03	0.003	0.953	0.015
0.857	0.021	0.06	0.062
0.44	0.094	0.346	0.118
0.315	0.095	0.101	0.49
0.041	0.096	0.081	0.782
0.035	0.041	0.902	0.023
0.06	0.026	0.108	0.804
0.847	0.019	0.09	0.045
0.045	0.038	0.9	0.017
0.025	0.037	0.077	0.863
0.033	0.42	0.06	0.486
0.054	0.5	0.065	0.38
