>ZNF582.H11FULL
0.154	0.477	0.342	0.027
0.138	0.019	0.662	0.181
0.677	0.173	0.135	0.015
0.731	0.019	0.062	0.188
0.027	0.004	0.208	0.762
0.023	0.015	0.808	0.154
0.023	0.335	0.588	0.054
0.727	0.042	0.05	0.181
0.331	0.173	0.192	0.304
0.038	0.035	0.042	0.885
0.077	0.342	0.277	0.304
0.108	0.008	0.865	0.019
0.619	0.008	0.362	0.012
0.615	0.354	0.019	0.012
0.027	0.038	0.027	0.908
0.042	0.0	0.954	0.004
0.008	0.523	0.465	0.004
0.969	0.012	0.004	0.015
0.804	0.123	0.065	0.008
0.173	0.023	0.331	0.473
0.027	0.558	0.138	0.277
0.885	0.027	0.062	0.027
0.519	0.027	0.035	0.419
0.104	0.731	0.081	0.085
