>ZNF490.H11FULL
0.035	0.056	0.03	0.879
0.151	0.019	0.774	0.056
0.34	0.012	0.405	0.244
0.042	0.012	0.937	0.009
0.005	0.016	0.03	0.949
0.019	0.63	0.009	0.342
0.002	0.009	0.005	0.984
0.007	0.988	0.005	0.0
0.002	0.051	0.0	0.947
0.002	0.007	0.014	0.977
0.009	0.005	0.981	0.005
0.495	0.026	0.012	0.467
0.967	0.005	0.019	0.009
0.093	0.009	0.849	0.049
0.486	0.002	0.509	0.002
0.005	0.995	0.0	0.0
0.995	0.0	0.005	0.0
0.216	0.0	0.784	0.0
0.005	0.993	0.002	0.0
1.0	0.0	0.0	0.0
0.047	0.079	0.295	0.579
0.972	0.002	0.023	0.002
0.047	0.423	0.007	0.523
0.367	0.53	0.019	0.084
