>RFX1.H11FULL
0.073	0.374	0.409	0.143
0.109	0.457	0.268	0.166
0.067	0.43	0.321	0.181
0.092	0.401	0.375	0.131
0.053	0.595	0.246	0.106
0.137	0.341	0.346	0.176
0.007	0.009	0.98	0.004
0.002	0.106	0.002	0.89
0.023	0.188	0.008	0.781
0.032	0.014	0.9	0.055
0.002	0.899	0.002	0.096
0.0	0.79	0.012	0.199
0.741	0.062	0.097	0.101
0.162	0.065	0.311	0.462
0.047	0.004	0.947	0.003
0.089	0.065	0.826	0.02
0.227	0.406	0.214	0.152
0.405	0.097	0.423	0.075
0.624	0.211	0.126	0.039
0.072	0.714	0.122	0.092
0.147	0.307	0.471	0.074
0.153	0.286	0.499	0.062
