>SP2.H11FULL
0.129	0.25	0.569	0.052
0.18	0.246	0.523	0.051
0.151	0.282	0.505	0.062
0.155	0.319	0.421	0.106
0.288	0.222	0.384	0.106
0.175	0.1	0.657	0.068
0.14	0.056	0.706	0.098
0.296	0.055	0.63	0.019
0.038	0.004	0.919	0.039
0.012	0.021	0.957	0.01
0.043	0.89	0.013	0.054
0.032	0.016	0.9	0.051
0.013	0.02	0.935	0.033
0.099	0.087	0.786	0.028
0.221	0.178	0.582	0.02
0.104	0.605	0.219	0.073
0.05	0.508	0.233	0.208
0.201	0.19	0.393	0.216
0.13	0.237	0.527	0.107
0.182	0.258	0.466	0.094
0.151	0.185	0.589	0.075
0.123	0.326	0.495	0.056
