>PAX5.H11FULL
0.134	0.282	0.505	0.079
0.129	0.5	0.188	0.183
0.149	0.416	0.332	0.104
0.203	0.054	0.257	0.485
0.198	0.045	0.752	0.005
0.158	0.139	0.54	0.163
0.025	0.119	0.624	0.233
0.035	0.876	0.059	0.03
0.782	0.035	0.163	0.02
0.386	0.114	0.465	0.035
0.035	0.733	0.129	0.104
0.411	0.267	0.277	0.045
0.312	0.02	0.619	0.05
0.683	0.04	0.163	0.114
0.035	0.163	0.772	0.03
0.01	0.782	0.045	0.163
0.218	0.035	0.718	0.03
0.322	0.03	0.158	0.49
0.173	0.03	0.792	0.005
0.812	0.035	0.104	0.05
0.119	0.802	0.03	0.05
