>ZNF41.H11FULL
0.255	0.501	0.126	0.117
0.713	0.1	0.132	0.054
0.106	0.722	0.072	0.1
0.745	0.063	0.14	0.052
0.711	0.009	0.249	0.032
0.069	0.02	0.871	0.04
0.112	0.034	0.788	0.066
0.393	0.009	0.596	0.003
0.948	0.009	0.029	0.014
0.444	0.074	0.467	0.014
0.226	0.198	0.117	0.458
0.433	0.218	0.203	0.146
0.527	0.117	0.255	0.1
0.355	0.037	0.499	0.109
0.249	0.215	0.413	0.123
0.054	0.745	0.117	0.083
0.968	0.006	0.017	0.009
0.037	0.911	0.046	0.006
0.232	0.693	0.023	0.052
0.831	0.011	0.123	0.034
0.117	0.049	0.115	0.719
0.097	0.172	0.648	0.083
0.708	0.046	0.12	0.126
0.155	0.083	0.653	0.109
