>ZNF8.H11FULL
0.038	0.053	0.036	0.873
0.151	0.031	0.811	0.007
0.012	0.031	0.002	0.954
0.002	0.0	0.993	0.005
0.01	0.002	0.986	0.002
0.019	0.046	0.005	0.93
0.986	0.007	0.005	0.002
0.019	0.297	0.014	0.669
0.818	0.022	0.161	0.0
0.034	0.046	0.024	0.897
0.127	0.827	0.022	0.024
0.014	0.765	0.0	0.221
0.957	0.01	0.014	0.019
0.017	0.141	0.036	0.806
0.719	0.036	0.118	0.127
0.079	0.782	0.022	0.118
0.837	0.106	0.041	0.017
0.763	0.026	0.168	0.043
0.048	0.07	0.058	0.825
0.094	0.012	0.861	0.034
0.079	0.017	0.892	0.012
0.923	0.022	0.038	0.017
