>PATZ1.H11FULL
0.234	0.092	0.56	0.114
0.136	0.026	0.64	0.198
0.143	0.084	0.682	0.092
0.041	0.086	0.841	0.033
0.458	0.287	0.136	0.118
0.244	0.061	0.623	0.071
0.143	0.031	0.707	0.12
0.216	0.065	0.692	0.026
0.126	0.016	0.847	0.01
0.212	0.118	0.615	0.055
0.418	0.558	0.008	0.016
0.079	0.029	0.554	0.338
0.029	0.143	0.766	0.063
0.161	0.161	0.607	0.071
0.328	0.063	0.578	0.031
0.291	0.191	0.495	0.022
0.24	0.24	0.348	0.171
0.159	0.075	0.576	0.189
0.128	0.057	0.774	0.041
0.413	0.218	0.314	0.055
0.318	0.014	0.623	0.045
0.138	0.204	0.489	0.169
