>ZNF335.H11FULL
0.291	0.019	0.583	0.107
0.058	0.078	0.757	0.107
0.078	0.621	0.165	0.136
0.019	0.214	0.019	0.748
0.01	0.039	0.845	0.107
0.049	0.34	0.097	0.515
0.01	0.913	0.029	0.049
0.01	0.583	0.019	0.388
0.194	0.184	0.291	0.33
0.146	0.35	0.223	0.282
0.272	0.214	0.35	0.165
0.107	0.272	0.495	0.126
0.233	0.544	0.058	0.165
0.184	0.078	0.476	0.262
0.272	0.447	0.155	0.126
0.029	0.136	0.0	0.835
0.019	0.039	0.816	0.126
0.019	0.874	0.01	0.097
0.039	0.922	0.0	0.039
0.039	0.049	0.049	0.864
0.097	0.107	0.699	0.097
0.476	0.155	0.039	0.33
