>ZNF76.H11FULL
0.285	0.108	0.532	0.074
0.259	0.122	0.446	0.173
0.221	0.04	0.45	0.289
0.022	0.024	0.926	0.028
0.106	0.598	0.243	0.052
0.524	0.353	0.05	0.072
0.016	0.231	0.06	0.693
0.042	0.199	0.347	0.412
0.078	0.689	0.155	0.078
0.032	0.203	0.006	0.759
0.02	0.01	0.964	0.006
0.006	0.008	0.964	0.022
0.022	0.004	0.962	0.012
0.876	0.024	0.052	0.048
0.46	0.1	0.361	0.078
0.321	0.116	0.155	0.408
0.062	0.12	0.179	0.639
0.064	0.1	0.793	0.042
0.078	0.114	0.173	0.635
0.703	0.058	0.195	0.044
0.104	0.07	0.791	0.034
0.048	0.092	0.165	0.695
