>ZNF354A.H11FULL
0.472	0.075	0.262	0.192
0.077	0.115	0.058	0.75
0.032	0.121	0.058	0.788
0.04	0.234	0.065	0.661
0.508	0.2	0.109	0.183
0.256	0.091	0.48	0.173
0.25	0.141	0.169	0.44
0.069	0.538	0.065	0.329
0.058	0.792	0.026	0.123
0.573	0.151	0.077	0.2
0.073	0.115	0.036	0.776
0.014	0.02	0.03	0.935
0.02	0.121	0.048	0.81
0.583	0.252	0.093	0.073
0.042	0.629	0.026	0.302
0.629	0.101	0.125	0.145
0.038	0.099	0.081	0.782
0.065	0.089	0.054	0.792
0.036	0.196	0.052	0.716
0.677	0.081	0.135	0.107
0.486	0.101	0.185	0.228
0.062	0.032	0.077	0.829
0.119	0.103	0.681	0.097
0.153	0.119	0.083	0.645
