>ZNF467.H11FULL
0.297	0.024	0.649	0.03
0.098	0.004	0.85	0.048
0.054	0.022	0.916	0.008
0.002	0.018	0.976	0.004
0.95	0.024	0.004	0.022
0.184	0.008	0.792	0.016
0.032	0.018	0.93	0.02
0.299	0.016	0.671	0.014
0.178	0.064	0.733	0.024
0.417	0.104	0.409	0.07
0.411	0.122	0.421	0.046
0.293	0.072	0.591	0.044
0.244	0.076	0.645	0.034
0.361	0.052	0.535	0.052
0.285	0.056	0.621	0.038
0.291	0.062	0.579	0.068
0.357	0.048	0.529	0.066
0.251	0.066	0.641	0.042
0.261	0.08	0.633	0.026
0.325	0.062	0.575	0.038
0.355	0.084	0.515	0.046
0.289	0.104	0.541	0.066
