>ZNF770.H11FULL
0.227	0.096	0.529	0.149
0.127	0.024	0.837	0.012
0.047	0.022	0.929	0.002
0.941	0.006	0.043	0.01
0.033	0.0	0.957	0.01
0.029	0.012	0.947	0.012
0.041	0.876	0.057	0.027
0.124	0.288	0.045	0.543
0.116	0.082	0.782	0.02
0.641	0.071	0.245	0.043
0.147	0.059	0.763	0.031
0.192	0.09	0.643	0.076
0.169	0.402	0.204	0.224
0.329	0.071	0.48	0.12
0.106	0.096	0.755	0.043
0.161	0.094	0.712	0.033
0.649	0.047	0.227	0.078
0.092	0.045	0.845	0.018
0.214	0.1	0.661	0.024
0.565	0.19	0.169	0.076
0.09	0.139	0.255	0.516
0.102	0.496	0.222	0.18
