>THAP11.H11FULL
0.143	0.032	0.484	0.341
0.024	0.063	0.802	0.111
0.087	0.722	0.143	0.048
0.5	0.341	0.04	0.119
0.024	0.159	0.016	0.802
0.024	0.222	0.397	0.357
0.04	0.81	0.071	0.079
0.048	0.151	0.0	0.802
0.016	0.008	0.952	0.024
0.024	0.0	0.937	0.04
0.071	0.016	0.865	0.048
0.825	0.032	0.103	0.04
0.381	0.127	0.413	0.079
0.278	0.071	0.079	0.571
0.024	0.103	0.056	0.817
0.0	0.024	0.937	0.04
0.016	0.048	0.079	0.857
0.881	0.016	0.087	0.016
0.016	0.0	0.984	0.0
0.024	0.008	0.048	0.921
0.048	0.389	0.063	0.5
0.032	0.532	0.056	0.381
