>ZFP82.H11FULL
0.032	0.114	0.058	0.795
0.014	0.048	0.024	0.914
0.01	0.815	0.014	0.161
0.106	0.793	0.014	0.086
0.787	0.076	0.06	0.076
0.207	0.058	0.329	0.406
0.09	0.112	0.072	0.725
0.036	0.243	0.068	0.653
0.07	0.564	0.163	0.203
0.699	0.102	0.064	0.135
0.066	0.5	0.086	0.347
0.122	0.124	0.229	0.524
0.612	0.145	0.185	0.058
0.624	0.127	0.048	0.201
0.143	0.078	0.211	0.568
0.173	0.116	0.062	0.649
0.028	0.522	0.068	0.382
0.032	0.215	0.008	0.745
0.108	0.629	0.026	0.237
0.066	0.279	0.056	0.598
0.189	0.586	0.026	0.199
0.022	0.116	0.024	0.837
0.032	0.191	0.024	0.753
0.022	0.669	0.038	0.271
