>ZNF260.H11FULL
0.082	0.039	0.016	0.863
0.034	0.028	0.037	0.901
0.025	0.025	0.062	0.888
0.344	0.064	0.143	0.45
0.062	0.251	0.113	0.574
0.897	0.032	0.025	0.046
0.01	0.26	0.014	0.716
0.215	0.014	0.59	0.181
0.095	0.01	0.883	0.012
0.001	0.689	0.005	0.305
0.021	0.023	0.007	0.949
0.025	0.12	0.827	0.028
0.138	0.704	0.005	0.153
0.786	0.014	0.196	0.005
0.0	0.014	0.005	0.982
0.833	0.005	0.036	0.126
0.135	0.19	0.657	0.018
0.011	0.02	0.059	0.91
0.959	0.0	0.018	0.023
0.005	0.117	0.016	0.862
0.007	0.005	0.002	0.986
0.0	0.95	0.0	0.05
0.02	0.944	0.002	0.034
0.84	0.05	0.045	0.065
