>ZNF134.H11FULL
0.096	0.124	0.642	0.138
0.164	0.562	0.124	0.15
0.222	0.526	0.156	0.096
0.158	0.112	0.15	0.58
0.144	0.358	0.32	0.178
0.396	0.178	0.296	0.129
0.238	0.388	0.098	0.275
0.151	0.603	0.083	0.165
0.048	0.288	0.046	0.616
0.52	0.344	0.069	0.067
0.932	0.011	0.045	0.013
0.012	0.028	0.222	0.736
0.009	0.93	0.03	0.03
0.943	0.013	0.035	0.011
0.011	0.007	0.902	0.081
0.048	0.084	0.428	0.438
0.056	0.076	0.188	0.678
0.133	0.011	0.821	0.037
0.727	0.203	0.057	0.015
0.515	0.106	0.139	0.24
0.037	0.081	0.851	0.033
0.112	0.133	0.706	0.048
