>THAP1.H11FULL
0.139	0.446	0.324	0.091
0.061	0.14	0.742	0.057
0.062	0.675	0.187	0.076
0.151	0.584	0.178	0.087
0.067	0.079	0.736	0.118
0.017	0.915	0.055	0.014
0.036	0.909	0.041	0.014
0.599	0.182	0.14	0.078
0.019	0.227	0.177	0.577
0.059	0.526	0.3	0.114
0.039	0.183	0.209	0.569
0.025	0.361	0.049	0.564
0.103	0.186	0.504	0.207
0.162	0.237	0.532	0.07
0.184	0.394	0.229	0.193
0.113	0.246	0.176	0.465
0.119	0.34	0.343	0.198
0.175	0.5	0.112	0.213
0.023	0.129	0.685	0.163
0.025	0.149	0.791	0.036
0.018	0.195	0.745	0.043
0.072	0.787	0.067	0.073
